1try
W1:
1.0 1.0 1.0 1.0 
1.0 1.0 1.0 1.0 
1.0 1.0 1.0 1.0 
1.0 1.0 1.0 1.0 
W2:
1.0 1.0 1.0 1.0 
1.0 1.0 1.0 1.0 
1.0 1.0 1.0 1.0 
W3:
1.0 1.0 1.0 
1.0 1.0 1.0 

2try
W1:
1.0 1.0 1.0 1.0 
1.0 1.0 1.0 1.0 
1.0 1.0 1.0 1.0 
1.0 1.0 1.0 1.0 
W2:
1.0 1.0 0.9869471526257144 1.0 
1.0 1.0 1.0 1.0 
1.0 1.0 1.0 1.0 
W3:
1.0 1.0 1.0 
1.0 1.0 1.0 

3try
W1:
1.0 1.0 1.0 1.0 
1.0 1.0 1.0 1.0 
1.0 1.0 1.0 1.0 
1.0 1.0 1.0 1.0 
W2:
1.0 1.0 0.9869471526257144 1.0 
1.0 1.0 1.0 1.0 
1.0 1.0 1.0 1.0 
W3:
1.0 1.0 0.024916004960763516 
1.0 1.0 1.0 

4try
W1:
1.0 1.0 1.0 1.0 
1.0 1.0 1.0 1.0 
1.0 1.0 1.0 1.0 
1.0 1.0 1.0 0.9999999895686321 
W2:
1.0 1.0 0.9869471526257144 1.0 
1.0 1.0 1.0 1.0 
1.0 1.0 1.0 1.0 
W3:
1.0 1.0 0.024916004960763516 
1.0 1.0 1.0 

5try
W1:
1.0 1.0 1.0 1.0 
1.0 1.0 1.0 1.0 
1.0 1.0 1.0 1.0 
1.0 1.0 1.0 0.9999999895686321 
W2:
1.0 1.0 0.9869471526257144 1.0 
1.0 1.0 0.9937855228501358 1.0 
1.0 1.0 1.0 1.0 
W3:
1.0 1.0 0.024916004960763516 
1.0 1.0 1.0 

6try
W1:
1.0 1.0 1.0 1.0 
1.0 1.0 1.0 1.0 
1.0 1.0 1.0 1.0 
1.0 1.0 1.0 0.9999999895686321 
W2:
1.0 1.0 0.9869471526257144 1.0 
1.0 1.0 0.9937855228501358 1.0 
1.0 1.0 1.0 1.0 
W3:
1.0 1.0 0.024916004960763516 
1.0 1.0 1.0182238331464113 

7try
W1:
1.0 1.0 1.0 1.0 
1.0 1.0 1.0 1.0 
1.0 1.0 1.0 1.0 
1.0 1.0 1.0 0.9999999895686321 
W2:
1.0 1.0 0.9869471526257144 1.0 
1.0 1.0 0.9937855228501358 1.0 
1.0 1.0 1.0 1.0 
W3:
1.0 1.0 0.024916004960763516 
1.0 1.0 1.0182238331464113 

8try
W1:
1.0 1.0 1.0 1.0 
1.0 1.0 1.0 1.0 
1.0 1.0 1.0 1.0 
1.0 1.0 1.0 0.9999999895686321 
W2:
1.0 1.0 0.9869471526257144 1.0 
1.0 1.0 0.9937855228501358 1.0004344088331487 
1.0 1.0 1.0 1.0 
W3:
1.0 1.0 0.024916004960763516 
1.0 1.0 1.0182238331464113 

9try
W1:
1.0 1.0 1.0 1.0 
1.0 1.0 1.0 1.0 
1.0 1.0 1.0 1.0 
1.0 1.0 1.0 0.9999999895686321 
W2:
1.0 1.0 0.9869471526257144 1.0 
1.0 1.0 0.9937855228501358 1.0004344088331487 
1.0 1.0 1.0 1.0 
W3:
1.0 1.0 0.024916004960763516 
1.0 0.024633449126451823 1.0182238331464113 

10try
W1:
1.0 1.0 1.0 1.0 
1.0 1.0 1.0 1.0 
1.0 1.0 1.0 1.0 
1.0 1.0 1.0 0.999999989290731 
W2:
1.0 1.0 0.9869471526257144 1.0 
1.0 1.0 0.9937855228501358 1.0004344088331487 
1.0 1.0 1.0 1.0 
W3:
1.0 1.0 0.024916004960763516 
1.0 0.024633449126451823 1.0182238331464113 

11try
W1:
1.0 1.0 1.0 1.0 
1.0 1.0 1.0 1.0 
1.0 1.0 1.0 1.0 
1.0 1.0 1.0 0.999999989290731 
W2:
1.0 0.9938923917830026 0.9869471526257144 1.0 
1.0 1.0 0.9937855228501358 1.0004344088331487 
1.0 1.0 1.0 1.0 
W3:
1.0 1.0 0.024916004960763516 
1.0 0.024633449126451823 1.0182238331464113 

12try
W1:
1.0 1.0 1.0 1.0 
1.0 1.0 1.0 1.0 
1.0 1.0 1.0 1.0 
1.0 1.0 1.0 0.999999989290731 
W2:
1.0 0.9938923917830026 0.9869471526257144 1.0 
1.0 1.0 0.9937855228501358 1.0004344088331487 
1.0 1.0 1.0 1.0 
W3:
1.0 1.0 0.024916004960763516 
1.0 0.024633449126451823 1.064045471919467 

13try
W1:
1.0 0.9999997614734053 1.0 1.0 
1.0 1.0 1.0 1.0 
1.0 1.0 1.0 1.0 
1.0 1.0 1.0 0.999999989290731 
W2:
1.0 0.9938923917830026 0.9869471526257144 1.0 
1.0 1.0 0.9937855228501358 1.0004344088331487 
1.0 1.0 1.0 1.0 
W3:
1.0 1.0 0.024916004960763516 
1.0 0.024633449126451823 1.064045471919467 

14try
W1:
1.0 0.9999997614734053 1.0 1.0 
1.0 1.0 1.0 1.0 
1.0 1.0 1.0 1.0 
1.0 1.0 1.0 0.999999989290731 
W2:
1.0 0.9938923917830026 0.9869471526257144 1.0 
1.0 1.0 0.9937855228501358 1.0004344088331487 
0.9932463783528026 1.0 1.0 1.0 
W3:
1.0 1.0 0.024916004960763516 
1.0 0.024633449126451823 1.064045471919467 

15try
W1:
1.0 0.9999997614734053 1.0 1.0 
1.0 1.0 1.0 1.0 
1.0 1.0 1.0 1.0 
1.0 1.0 1.0 0.999999989290731 
W2:
1.0 0.9938923917830026 0.9869471526257144 1.0 
1.0 1.0 0.9937855228501358 1.0004344088331487 
0.9932463783528026 1.0 1.0 1.0 
W3:
1.0 1.0 0.07152250684224455 
1.0 0.024633449126451823 1.064045471919467 

16try
W1:
1.0 0.9999997614734053 1.0 1.0 
1.0 1.0 1.0 1.0 
1.0 1.0 1.0 1.0 
0.9999997682920971 1.0 1.0 0.999999989290731 
W2:
1.0 0.9938923917830026 0.9869471526257144 1.0 
1.0 1.0 0.9937855228501358 1.0004344088331487 
0.9932463783528026 1.0 1.0 1.0 
W3:
1.0 1.0 0.07152250684224455 
1.0 0.024633449126451823 1.064045471919467 

17try
W1:
1.0 0.9999997614734053 1.0 1.0 
1.0 1.0 1.0 1.0 
1.0 1.0 1.0 1.0 
0.9999997682920971 1.0 1.0 0.999999989290731 
W2:
1.0 0.9938923917830026 0.9869471526257144 1.0 
1.0 1.0 0.9937855228501358 1.0004344088331487 
0.9932463783528026 1.0 1.0003360334573037 1.0 
W3:
1.0 1.0 0.07152250684224455 
1.0 0.024633449126451823 1.064045471919467 

18try
W1:
1.0 0.9999997614734053 1.0 1.0 
1.0 1.0 1.0 1.0 
1.0 1.0 1.0 1.0 
0.9999997682920971 1.0 1.0 0.999999989290731 
W2:
1.0 0.9938923917830026 0.9869471526257144 1.0 
1.0 1.0 0.9937855228501358 1.0004344088331487 
0.9932463783528026 1.0 1.0003360334573037 1.0 
W3:
1.0 1.0445930893283797 0.07152250684224455 
1.0 0.024633449126451823 1.064045471919467 

19try
W1:
1.0 0.9999997614734053 1.0 1.0 
1.0 1.0 0.9999999995641178 1.0 
1.0 1.0 1.0 1.0 
0.9999997682920971 1.0 1.0 0.999999989290731 
W2:
1.0 0.9938923917830026 0.9869471526257144 1.0 
1.0 1.0 0.9937855228501358 1.0004344088331487 
0.9932463783528026 1.0 1.0003360334573037 1.0 
W3:
1.0 1.0445930893283797 0.07152250684224455 
1.0 0.024633449126451823 1.064045471919467 

20try
W1:
1.0 0.9999997614734053 1.0 1.0 
1.0 1.0 0.9999999995641178 1.0 
1.0 1.0 1.0 1.0 
0.9999997682920971 1.0 1.0 0.999999989290731 
W2:
1.0 0.9938923917830026 0.9869471526257144 1.000590801585503 
1.0 1.0 0.9937855228501358 1.0004344088331487 
0.9932463783528026 1.0 1.0003360334573037 1.0 
W3:
1.0 1.0445930893283797 0.07152250684224455 
1.0 0.024633449126451823 1.064045471919467 

21try
W1:
1.0 0.9999997614734053 1.0 1.0 
1.0 1.0 0.9999999995641178 1.0 
1.0 1.0 1.0 1.0 
0.9999997682920971 1.0 1.0 0.999999989290731 
W2:
1.0 0.9938923917830026 0.9869471526257144 1.000590801585503 
1.0 1.0 0.9937855228501358 1.0004344088331487 
0.9932463783528026 1.0 1.0003360334573037 1.0 
W3:
1.0 1.0445930893283797 0.07152250684224455 
0.050686722950845864 0.024633449126451823 1.064045471919467 

22try
W1:
1.0 0.9999997614734053 1.0 1.0 
1.0 0.9999999998609342 0.9999999995641178 1.0 
1.0 1.0 1.0 1.0 
0.9999997682920971 1.0 1.0 0.999999989290731 
W2:
1.0 0.9938923917830026 0.9869471526257144 1.000590801585503 
1.0 1.0 0.9937855228501358 1.0004344088331487 
0.9932463783528026 1.0 1.0003360334573037 1.0 
W3:
1.0 1.0445930893283797 0.07152250684224455 
0.050686722950845864 0.024633449126451823 1.064045471919467 

23try
W1:
1.0 0.9999997614734053 1.0 1.0 
1.0 0.9999999998609342 0.9999999995641178 1.0 
1.0 1.0 1.0 1.0 
0.9999997682920971 1.0 1.0 0.999999989290731 
W2:
1.0 0.9938923917830026 0.9869471526257144 1.000590801585503 
1.0 1.0 0.9937855228501358 1.0004344088331487 
0.9932463783528026 1.0 0.9939928412320439 1.0 
W3:
1.0 1.0445930893283797 0.07152250684224455 
0.050686722950845864 0.024633449126451823 1.064045471919467 

24try
W1:
1.0 0.9999997614734053 1.0 1.0 
1.0 0.9999999998609342 0.9999999995641178 1.0 
1.0 1.0 1.0 1.0 
0.9999997682920971 1.0 1.0 0.999999989290731 
W2:
1.0 0.9938923917830026 0.9869471526257144 1.000590801585503 
1.0 1.0 0.9937855228501358 1.0004344088331487 
0.9932463783528026 1.0 0.9939928412320439 1.0 
W3:
1.0 1.0445930893283797 0.07152250684224455 
-0.8371596099172938 0.024633449126451823 1.064045471919467 

25try
W1:
1.0 0.9999997614734053 0.9999456531594226 1.0 
1.0 0.9999999998609342 0.9999999995641178 1.0 
1.0 1.0 1.0 1.0 
0.9999997682920971 1.0 1.0 0.999999989290731 
W2:
1.0 0.9938923917830026 0.9869471526257144 1.000590801585503 
1.0 1.0 0.9937855228501358 1.0004344088331487 
0.9932463783528026 1.0 0.9939928412320439 1.0 
W3:
1.0 1.0445930893283797 0.07152250684224455 
-0.8371596099172938 0.024633449126451823 1.064045471919467 

26try
W1:
1.0 0.9999997614734053 0.9999456531594226 1.0 
1.0 0.9999999998609342 0.9999999995641178 1.0 
1.0 1.0 1.0 1.0 
0.9999997682920971 1.0 1.0 0.999999989290731 
W2:
1.0 0.9938923917830026 0.9869471526257144 1.000590801585503 
1.0 1.0 0.9937855228501358 1.0004344088331487 
0.9948625891347237 1.0 0.9939928412320439 1.0 
W3:
1.0 1.0445930893283797 0.07152250684224455 
-0.8371596099172938 0.024633449126451823 1.064045471919467 

27try
W1:
1.0 0.9999997614734053 0.9999456531594226 1.0 
1.0 0.9999999998609342 0.9999999995641178 1.0 
1.0 1.0 1.0 1.0 
0.9999997682920971 1.0 1.0 0.999999989290731 
W2:
1.0 0.9938923917830026 0.9869471526257144 1.000590801585503 
1.0 1.0 0.9937855228501358 1.0004344088331487 
0.9948625891347237 1.0 0.9939928412320439 1.0 
W3:
0.049557845872504114 1.0445930893283797 0.07152250684224455 
-0.8371596099172938 0.024633449126451823 1.064045471919467 

28try
W1:
1.0 0.9999997614734053 0.9999456531594226 1.0 
1.0 0.9999999998609342 0.9999993065319176 1.0 
1.0 1.0 1.0 1.0 
0.9999997682920971 1.0 1.0 0.999999989290731 
W2:
1.0 0.9938923917830026 0.9869471526257144 1.000590801585503 
1.0 1.0 0.9937855228501358 1.0004344088331487 
0.9948625891347237 1.0 0.9939928412320439 1.0 
W3:
0.049557845872504114 1.0445930893283797 0.07152250684224455 
-0.8371596099172938 0.024633449126451823 1.064045471919467 

29try
W1:
1.0 0.9999997614734053 0.9999456531594226 1.0 
1.0 0.9999999998609342 0.9999993065319176 1.0 
1.0 1.0 1.0 1.0 
0.9999997682920971 1.0 1.0 0.999999989290731 
W2:
1.0 0.9938923917830026 0.9869471526257144 1.000590801585503 
1.0 1.0 0.9937855228501358 1.0004344088331487 
0.9948625891347237 1.0 0.9880027610635165 1.0 
W3:
0.049557845872504114 1.0445930893283797 0.07152250684224455 
-0.8371596099172938 0.024633449126451823 1.064045471919467 

