1try
W1:
1.0 1.0 1.0 1.0 
1.0 1.0 1.0 1.0 
1.0 1.0 1.0 1.0 
1.0 1.0 1.0 1.0 
W2:
1.0 1.0 1.0 1.0 
1.0 1.0 1.0 1.0 
1.0 1.0 1.0 1.0 
W3:
1.0 1.0 1.0 
1.0 1.0 1.0 

2try
W1:
1.0 1.0 1.0 1.0 
1.0 1.0 1.0 1.0 
1.0 1.0 1.0 1.0 
1.0 1.0 1.0 1.0 
W2:
1.0 1.0 1.0 1.0 
1.0 1.0 1.0 1.0 
0.9999840702173104 1.0 1.0 1.0 
W3:
1.0 1.0 1.0 
1.0 1.0 1.0 

3try
W1:
1.0 1.0 1.0 1.0 
1.0 1.0 1.0 1.0 
1.0 1.0 1.0 1.0 
1.0 1.0 1.0 1.0 
W2:
1.0 1.0 1.0 1.0 
1.0 1.0 1.0 1.0 
0.9999840702173104 1.0 1.0 1.0 
W3:
1.0 1.0 1.0 
1.0 1.0000481950058209 1.0 

4try
W1:
1.0 1.0 1.0 1.0 
1.0 1.0 1.0 1.0 
1.0 1.0 1.0 1.0 
1.0 1.0 1.0 1.0 
W2:
1.0 1.0 1.0 1.0 
1.0 1.0 1.0 1.0 
0.9999840702173104 1.0 1.0 1.0 
W3:
1.0 1.0 1.0 
1.0 1.0000481950058209 1.0 

5try
W1:
1.0 1.0 1.0 1.0 
1.0 1.0 1.0 1.0 
1.0 1.0 1.0 1.0 
1.0 1.0 1.0 1.0 
W2:
1.0 1.0 1.0 1.0 
1.0 0.9999840699516689 1.0 1.0 
0.9999840702173104 1.0 1.0 1.0 
W3:
1.0 1.0 1.0 
1.0 1.0000481950058209 1.0 

6try
W1:
1.0 1.0 1.0 1.0 
1.0 1.0 1.0 1.0 
1.0 1.0 1.0 1.0 
1.0 1.0 1.0 1.0 
W2:
1.0 1.0 1.0 1.0 
1.0 0.9999840699516689 1.0 1.0 
0.9999840702173104 1.0 1.0 1.0 
W3:
1.0 0.999066182405068 1.0 
1.0 1.0000481950058209 1.0 

7try
W1:
1.0 1.0 1.0 1.0 
1.0 1.0 1.0 1.0 
1.0 1.0 1.0 1.0 
1.0 1.0 0.9999999971071184 1.0 
W2:
1.0 1.0 1.0 1.0 
1.0 0.9999840699516689 1.0 1.0 
0.9999840702173104 1.0 1.0 1.0 
W3:
1.0 0.999066182405068 1.0 
1.0 1.0000481950058209 1.0 

8try
W1:
1.0 1.0 1.0 1.0 
1.0 1.0 1.0 1.0 
1.0 1.0 1.0 1.0 
1.0 1.0 0.9999999971071184 1.0 
W2:
1.0 1.0 1.0 1.0 
1.0 0.9999840699516689 1.0 1.0 
0.9999681415709144 1.0 1.0 1.0 
W3:
1.0 0.999066182405068 1.0 
1.0 1.0000481950058209 1.0 

9try
W1:
1.0 1.0 1.0 1.0 
1.0 1.0 1.0 1.0 
1.0 1.0 1.0 1.0 
1.0 1.0 0.9999999971071184 1.0 
W2:
1.0 1.0 1.0 1.0 
1.0 0.9999840699516689 1.0 1.0 
0.9999681415709144 1.0 1.0 1.0 
W3:
1.0 0.999066182405068 1.0 
1.0 1.0000481950058209 0.9990661797186933 

10try
W1:
1.0 1.0 1.0 1.0 
1.000000000000718 1.0 1.0 1.0 
1.0 1.0 1.0 1.0 
1.0 1.0 0.9999999971071184 1.0 
W2:
1.0 1.0 1.0 1.0 
1.0 0.9999840699516689 1.0 1.0 
0.9999681415709144 1.0 1.0 1.0 
W3:
1.0 0.999066182405068 1.0 
1.0 1.0000481950058209 0.9990661797186933 

11try
W1:
1.0 1.0 1.0 1.0 
1.000000000000718 1.0 1.0 1.0 
1.0 1.0 1.0 1.0 
1.0 1.0 0.9999999971071184 1.0 
W2:
1.0 1.0 1.0 1.0 
1.0 0.9999840699516689 1.0 1.0 
0.9999681415709144 1.0 1.0 0.999984071158784 
W3:
1.0 0.999066182405068 1.0 
1.0 1.0000481950058209 0.9990661797186933 

12try
W1:
1.0 1.0 1.0 1.0 
1.000000000000718 1.0 1.0 1.0 
1.0 1.0 1.0 1.0 
1.0 1.0 0.9999999971071184 1.0 
W2:
1.0 1.0 1.0 1.0 
1.0 0.9999840699516689 1.0 1.0 
0.9999681415709144 1.0 1.0 0.999984071158784 
W3:
1.0 0.999066182405068 1.0 
0.9990491185818949 1.0000481950058209 0.9990661797186933 

13try
W1:
1.0 1.0 1.0 1.0 
1.000000000000718 1.0 1.0 1.0 
1.0 1.0 1.0 1.0 
1.0 0.9999999878051069 0.9999999971071184 1.0 
W2:
1.0 1.0 1.0 1.0 
1.0 0.9999840699516689 1.0 1.0 
0.9999681415709144 1.0 1.0 0.999984071158784 
W3:
1.0 0.999066182405068 1.0 
0.9990491185818949 1.0000481950058209 0.9990661797186933 

14try
W1:
1.0 1.0 1.0 1.0 
1.000000000000718 1.0 1.0 1.0 
1.0 1.0 1.0 1.0 
1.0 0.9999999878051069 0.9999999971071184 1.0 
W2:
1.0 1.0 1.0 1.0 
1.0 0.9999840699516689 1.0 1.0 
0.9999345337250743 1.0 1.0 0.999984071158784 
W3:
1.0 0.999066182405068 1.0 
0.9990491185818949 1.0000481950058209 0.9990661797186933 

15try
W1:
1.0 1.0 1.0 1.0 
1.000000000000718 1.0 1.0 1.0 
1.0 1.0 1.0 1.0 
1.0 0.9999999878051069 0.9999999971071184 1.0 
W2:
1.0 1.0 1.0 1.0 
1.0 0.9999840699516689 1.0 1.0 
0.9999345337250743 1.0 1.0 0.999984071158784 
W3:
1.0000491206258408 0.999066182405068 1.0 
0.9990491185818949 1.0000481950058209 0.9990661797186933 

16try
W1:
1.0 1.0 1.0 1.0 
1.000000000000718 1.0 1.0 1.0 
1.0 0.9999999999513001 1.0 1.0 
1.0 0.9999999878051069 0.9999999971071184 1.0 
W2:
1.0 1.0 1.0 1.0 
1.0 0.9999840699516689 1.0 1.0 
0.9999345337250743 1.0 1.0 0.999984071158784 
W3:
1.0000491206258408 0.999066182405068 1.0 
0.9990491185818949 1.0000481950058209 0.9990661797186933 

17try
W1:
1.0 1.0 1.0 1.0 
1.000000000000718 1.0 1.0 1.0 
1.0 0.9999999999513001 1.0 1.0 
1.0 0.9999999878051069 0.9999999971071184 1.0 
W2:
1.0 1.0 1.0 1.0 
1.0 0.9999840699516689 1.0 1.0 
0.9999186048685373 1.0 1.0 0.999984071158784 
W3:
1.0000491206258408 0.999066182405068 1.0 
0.9990491185818949 1.0000481950058209 0.9990661797186933 

18try
W1:
1.0 1.0 1.0 1.0 
1.000000000000718 1.0 1.0 1.0 
1.0 0.9999999999513001 1.0 1.0 
1.0 0.9999999878051069 0.9999999971071184 1.0 
W2:
1.0 1.0 1.0 1.0 
1.0 0.9999840699516689 1.0 1.0 
0.9999186048685373 1.0 1.0 0.999984071158784 
W3:
1.0000491206258408 0.999066182405068 1.0 
0.9990491185818949 0.9991144600760615 0.9990661797186933 

19try
W1:
1.0 1.0 1.0 1.0 
1.000000000000718 1.0 1.0 1.0 
1.0 0.9999999999513001 1.0 1.0 
1.0 0.9999999878051069 0.9999999971071184 0.999999999990265 
W2:
1.0 1.0 1.0 1.0 
1.0 0.9999840699516689 1.0 1.0 
0.9999186048685373 1.0 1.0 0.999984071158784 
W3:
1.0000491206258408 0.999066182405068 1.0 
0.9990491185818949 0.9991144600760615 0.9990661797186933 

20try
W1:
1.0 1.0 1.0 1.0 
1.000000000000718 1.0 1.0 1.0 
1.0 0.9999999999513001 1.0 1.0 
1.0 0.9999999878051069 0.9999999971071184 0.999999999990265 
W2:
1.0 1.0 1.0 1.0 
1.0 0.9999840699516689 1.0 1.0 
0.9999186048685373 0.9999840881514545 1.0 0.999984071158784 
W3:
1.0000491206258408 0.999066182405068 1.0 
0.9990491185818949 0.9991144600760615 0.9990661797186933 

21try
W1:
1.0 1.0 1.0 1.0 
1.000000000000718 1.0 1.0 1.0 
1.0 0.9999999999513001 1.0 1.0 
1.0 0.9999999878051069 0.9999999971071184 0.999999999990265 
W2:
1.0 1.0 1.0 1.0 
1.0 0.9999840699516689 1.0 1.0 
0.9999186048685373 0.9999840881514545 1.0 0.999984071158784 
W3:
1.0000491206258408 0.999066182405068 1.0 
0.9990491185818949 0.9991144600760615 0.9991145003187193 

22try
W1:
1.0 1.0 1.0 1.0 
1.000000000000718 1.0 1.0 1.0 
1.0 0.9999999999513001 1.0 1.0 
1.0 0.9999999878051069 0.9999999971071184 0.9999998332131649 
W2:
1.0 1.0 1.0 1.0 
1.0 0.9999840699516689 1.0 1.0 
0.9999186048685373 0.9999840881514545 1.0 0.999984071158784 
W3:
1.0000491206258408 0.999066182405068 1.0 
0.9990491185818949 0.9991144600760615 0.9991145003187193 

23try
W1:
1.0 1.0 1.0 1.0 
1.000000000000718 1.0 1.0 1.0 
1.0 0.9999999999513001 1.0 1.0 
1.0 0.9999999878051069 0.9999999971071184 0.9999998332131649 
W2:
1.0 1.0 1.0 1.0 
1.0 0.9999840699516689 1.0 0.999984086381421 
0.9999186048685373 0.9999840881514545 1.0 0.999984071158784 
W3:
1.0000491206258408 0.999066182405068 1.0 
0.9990491185818949 0.9991144600760615 0.9991145003187193 

24try
W1:
1.0 1.0 1.0 1.0 
1.000000000000718 1.0 1.0 1.0 
1.0 0.9999999999513001 1.0 1.0 
1.0 0.9999999878051069 0.9999999971071184 0.9999998332131649 
W2:
1.0 1.0 1.0 1.0 
1.0 0.9999840699516689 1.0 0.999984086381421 
0.9999186048685373 0.9999840881514545 1.0 0.999984071158784 
W3:
1.0000491206258408 0.999066182405068 1.0 
0.999098322098461 0.9991144600760615 0.9991145003187193 

25try
W1:
1.0 1.0 1.0 1.0 
0.9999999668562051 1.0 1.0 1.0 
1.0 0.9999999999513001 1.0 1.0 
1.0 0.9999999878051069 0.9999999971071184 0.9999998332131649 
W2:
1.0 1.0 1.0 1.0 
1.0 0.9999840699516689 1.0 0.999984086381421 
0.9999186048685373 0.9999840881514545 1.0 0.999984071158784 
W3:
1.0000491206258408 0.999066182405068 1.0 
0.999098322098461 0.9991144600760615 0.9991145003187193 

26try
W1:
1.0 1.0 1.0 1.0 
0.9999999668562051 1.0 1.0 1.0 
1.0 0.9999999999513001 1.0 1.0 
1.0 0.9999999878051069 0.9999999971071184 0.9999998332131649 
W2:
1.0 1.0 1.0 1.0 
1.0 0.9999681582513009 1.0 0.999984086381421 
0.9999186048685373 0.9999840881514545 1.0 0.999984071158784 
W3:
1.0000491206258408 0.999066182405068 1.0 
0.999098322098461 0.9991144600760615 0.9991145003187193 

27try
W1:
1.0 1.0 1.0 1.0 
0.9999999668562051 1.0 1.0 1.0 
1.0 0.9999999999513001 1.0 1.0 
1.0 0.9999999878051069 0.9999999971071184 0.9999998332131649 
W2:
1.0 1.0 1.0 1.0 
1.0 0.9999681582513009 1.0 0.999984086381421 
0.9999186048685373 0.9999840881514545 1.0 0.999984071158784 
W3:
1.0000491206258408 0.9981324052404644 1.0 
0.999098322098461 0.9991144600760615 0.9991145003187193 

28try
W1:
1.0 1.0 1.0 1.0 
0.9999999668562051 1.0 1.0 1.0 
1.0 0.9999999999513001 1.0 1.0 
1.0 0.9999999878051069 0.9999999971071184 0.9999985845941611 
W2:
1.0 1.0 1.0 1.0 
1.0 0.9999681582513009 1.0 0.999984086381421 
0.9999186048685373 0.9999840881514545 1.0 0.999984071158784 
W3:
1.0000491206258408 0.9981324052404644 1.0 
0.999098322098461 0.9991144600760615 0.9991145003187193 

29try
W1:
1.0 1.0 1.0 1.0 
0.9999999668562051 1.0 1.0 1.0 
1.0 0.9999999999513001 1.0 1.0 
1.0 0.9999999878051069 0.9999999971071184 0.9999985845941611 
W2:
1.0 1.0 1.0 1.0 
1.0 0.9999681582513009 1.0 0.999984086381421 
0.9999186048685373 0.9999840881514545 1.0 0.999984071158784 
W3:
1.0000491206258408 0.9981324052404644 1.0 
0.999098322098461 0.9991144600760615 0.9991145003187193 

